version https://git-lfs.github.com/spec/v1
oid sha256:684fa13ffaf96032619151c0dde76cea13dac34495091d70a2a3acf873f73f6c
size 3927
